1628193487658 0.03468490391969681 0
1628193508138 0.045269500464200974 1
1628193528561 0.05699397623538971 2
1628193547601 0.07751180231571198 3
1628193568050 0.08744504302740097 4
1628193588239 0.10144927352666855 5
1628193608813 0.10942843556404114 6
1628193629403 0.13922813534736633 7
1628193649994 0.15469792485237122 8
1628193669400 0.1660967320203781 9
1628193688899 0.1750529259443283 10
1628193707005 0.1849861592054367 11
1628193726112 0.20224718749523163 12
1628193743719 0.2162514179944992 13
1628193764217 0.227161705493927 14
1628193784791 0.24767953157424927 15
1628193805306 0.2589154839515686 16
1628193825687 0.27845627069473267 17
1628193845269 0.3001139760017395 18
1628193864493 0.31916627287864685 19
1628193885024 0.3357759416103363 20
1628193905506 0.36736688017845154 21
1628193926029 0.3893502652645111 22
1628193946669 0.43836510181427 23
1628193967143 0.45464909076690674 24
1628193987765 0.48184335231781006 25
1628194008222 0.5243445634841919 26
1628194028730 0.5570753812789917 27
1628194049286 0.5774303674697876 28
1628194069768 0.6114639043807983 29
1628194090357 0.6311675906181335 30
1628194110848 0.655756413936615 31
1628194131379 0.6741573214530945 32
1628194151961 0.7002117037773132 33
1628194171318 0.72007817029953 34
1628194191800 0.7497150301933289 35
1628194212373 0.7756065726280212 36
1628194232938 0.7793518900871277 37
1628194253445 0.7940074801445007 38
1628194273977 0.8052434325218201 39
1628194293799 0.8091515898704529 40
1628194314264 0.8308092951774597 41
1628194334789 0.8399283289909363 42
1628194355328 0.8488845229148865 43
1628194375793 0.8596319556236267 44
1628194395742 0.872170627117157 45
1628194414632 0.8687509894371033 46
1628194434772 0.8716821074485779 47
1628194454037 0.881126880645752 48
1628194473910 0.886012077331543 49
1628194492084 0.8855235576629639 50
1628194512448 0.8923628330230713 51
1628194532747 0.8970851898193359 52
1628194552988 0.9035987854003906 53
1628194573494 0.9132063388824463 54
1628194593976 0.9132063388824463 55
1628194614366 0.9200456142425537 56
1628194634648 0.9242794513702393 57
1628194655046 0.9159746170043945 58
1628194675244 0.930793046951294 59
1628194695442 0.9330728054046631 60
1628194715682 0.9260706901550293 61
1628194735940 0.9317700862884521 62
1628194756221 0.9351897239685059 63
1628194776469 0.9278619289398193 64
1628194796760 0.9329099655151367 65
1628194817116 0.9390978813171387 66
1628194837364 0.9439830780029297 67
1628194856729 0.9491939544677734 68
1628194876894 0.9408891201019287 69
1628194897202 0.9475655555725098 70
1628194917458 0.9504966735839844 71
1628194937673 0.9462628364562988 72
1628194957471 0.95652174949646 73
1628194975936 0.9496824741363525 74
1628194996260 0.9509851932525635 75
1628195016425 0.9491939544677734 76
1628195036765 0.9571731090545654 77
1628195057089 0.9553818702697754 78
1628195077403 0.95831298828125 79
1628195096485 0.9588015079498291 80
1628195115284 0.9573359489440918 81
1628195135191 0.9588015079498291 82
1628195155005 0.9604299068450928 83
1628195175379 0.961406946182251 84
1628195195543 0.9599413871765137 85
1628195215684 0.9671063423156738 86
1628195235916 0.9654779434204102 87
1628195256447 0.9625468254089355 88
1628195277054 0.9710144996643066 89
1628195297536 0.9687347412109375 90
1628195317950 0.9654779434204102 91
1628195338399 0.9654779434204102 92
1628195358756 0.9677577018737793 93
1628195379162 0.9669435024261475 94
1628195399636 0.9671063423156738 95
1628195419851 0.9633610248565674 96
1628195440149 0.963198184967041 97
1628195458556 0.9667806625366211 98
1628195478696 0.971177339553833 99
1628195497295 0.9703631401062012 100
1628195516701 0.971177339553833 101
1628195537033 0.9715030193328857 102
1628195556815 0.9736199378967285 103
1628195572747 0.9750854969024658 104
1628195591178 0.9770395755767822 105
1628195611043 0.9767138957977295 106
1628195631401 0.9734570980072021 107
1628195651698 0.9768767356872559 108
1628195667864 0.9765510559082031 109
1628195685587 0.9705259799957275 110
1628195705936 0.9703631401062012 111
1628195726335 0.9731314182281494 112
1628195746616 0.9750854969024658 113
1628195766957 0.9778537750244141 114
1628195787154 0.9783422946929932 115
1628195807137 0.972480058670044 116
1628195827593 0.9783422946929932 117
1628195847816 0.9765510559082031 118
1628195868240 0.9807848930358887 119
1628195888554 0.9804592132568359 120
1628195908836 0.9781794548034668 121
1628195930368 0.9804592132568359 122
1628195944650 0.9835531711578369 123
1628195957391 0.9793193340301514 124
1628195964473 0.9806220531463623 125
1628195975489 0.9765510559082031 126
1628196016878 0.9781794548034668 127
1628196080540 0.9752483367919922 128
1628196151801 0.9786679744720459 129
1628196234895 0.979156494140625 130
1628196314353 0.979156494140625 131
1628196374266 0.9802963733673096 132
1628196420562 0.9801335334777832 133
1628196479049 0.980947732925415 134
1628196503656 0.984041690826416 135
1628196510247 0.9830646514892578 136
1628196516821 0.9806220531463623 137
1628196523488 0.9825761318206787 138
1628196530095 0.9837160110473633 139
1628196536711 0.9843673706054688 140
1628196543344 0.9793193340301514 141
1628196550035 0.9812734127044678 142
1628196557076 0.9837160110473633 143
1628196565459 0.9845302104949951 144
1628196573857 0.9824132919311523 145
1628196582224 0.9842045307159424 146
1628196589806 0.9807848930358887 147
1628196596748 0.9832274913787842 148
1628196603597 0.9855072498321533 149
1628196610280 0.9804592132568359 150
1628196617405 0.980947732925415 151
1628196624138 0.979156494140625 152
1628196630921 0.9856700897216797 153
1628196637595 0.9855072498321533 154
1628196644269 0.9851815700531006 155
1628196650918 0.9820876121520996 156
1628196657548 0.9845302104949951 157
1628196664134 0.9864842891693115 158
1628196670667 0.9866471290588379 159
1628196677200 0.9843673706054688 160
1628196683741 0.9863214492797852 161
1628196690274 0.9869728088378906 162
1628196696807 0.9855072498321533 163
1628196703348 0.9835531711578369 164
1628196709889 0.9817619323730469 165
1628196716455 0.9848558902740479 166
1628196723030 0.9850187301635742 167
1628196729596 0.9868099689483643 168
1628196736162 0.9830646514892578 169
1628196742728 0.9830646514892578 170
1628196749303 0.9895782470703125 171
1628196755927 0.9879498481750488 172
1628196763118 0.9897410869598389 173
1628196769843 0.9868099689483643 174
1628196776434 0.9856700897216797 175
1628196783008 0.9872984886169434 176
1628196789633 0.9850187301635742 177
1628196796257 0.988926887512207 178
1628196802890 0.9881126880645752 179
1628196809565 0.990229606628418 180
1628196816214 0.9892525672912598 181
1628196822922 0.9881126880645752 182
1628196829738 0.9861586093902588 183
1628196836587 0.9905552864074707 184
1628196843345 0.9876241683959961 185
1628196850203 0.9884383678436279 186
1628196856952 0.9863214492797852 187
1628196863635 0.9872984886169434 188
1628196870467 0.988926887512207 189
1628196877234 0.990229606628418 190
1628196884025 0.9863214492797852 191
1628196890766 0.9859957695007324 192
1628196897507 0.9861586093902588 193
1628196904165 0.9874613285064697 194
1628196910898 0.9890897274017334 195
1628196917689 0.9886012077331543 196
1628196924505 0.985832929611206 197
1628196931246 0.988926887512207 198
1628196937971 0.9915323257446289 199
1628196944695 0.9894154071807861 200
1628196951595 0.9856700897216797 201
1628196958327 0.9879498481750488 202
1628196965144 0.9868099689483643 203
1628196971818 0.9912066459655762 204
1628196978601 0.9934864044189453 205
1628196985392 0.9887640476226807 206
1628196992050 0.9910438060760498 207
1628196998840 0.990229606628418 208
1628197005607 0.988926887512207 209
1628197012365 0.9921836853027344 210
1628197019023 0.988926887512207 211
1628197025681 0.9907181262969971 212
1628197032330 0.9910438060760498 213
1628197038979 0.9892525672912598 214
1628197045587 0.987135648727417 215
1628197052145 0.9884383678436279 216
1628197058778 0.9868099689483643 217
1628197065327 0.9907181262969971 218
1628197071894 0.9897410869598389 219
1628197078435 0.9923465251922607 220
1628197084975 0.9918580055236816 221
1628197091517 0.9900667667388916 222
1628197098058 0.9894154071807861 223
1628197104624 0.988926887512207 224
1628197111182 0.9882755279541016 225
1628197117732 0.9905552864074707 226
1628197124289 0.9863214492797852 227
1628197130830 0.9903924465179443 228
1628197137371 0.9944634437561035 229
1628197143921 0.9954404830932617 230
1628197150495 0.9899039268493652 231
1628197157037 0.9918580055236816 232
1628197163569 0.9905552864074707 233
1628197170144 0.990229606628418 234
1628197176701 0.9897410869598389 235
1628197183276 0.9884383678436279 236
1628197189834 0.9900667667388916 237
1628197196492 0.9923465251922607 238
1628197203065 0.9905552864074707 239
1628197209632 0.992020845413208 240
1628197216198 0.9931607246398926 241
1628197222765 0.9929978847503662 242
1628197229322 0.9908809661865234 243
1628197235888 0.9926722049713135 244
1628197242455 0.9915323257446289 245
1628197249012 0.990229606628418 246
1628197255595 0.9915323257446289 247
1628197262161 0.9918580055236816 248
1628197268727 0.9882755279541016 249
1628197275285 0.9915323257446289 250
1628197281843 0.9910438060760498 251
1628197288409 0.9912066459655762 252
1628197294967 0.9926722049713135 253
1628197301542 0.9899039268493652 254
1628197308091 0.9892525672912598 255
1628197314657 0.9907181262969971 256
1628197321214 0.9915323257446289 257
1628197327756 0.9915323257446289 258
1628197334297 0.9907181262969971 259
1628197340838 0.9890897274017334 260
1628197347388 0.9928350448608398 261
1628197353937 0.9905552864074707 262
1628197360470 0.9926722049713135 263
1628197367012 0.9925093650817871 264
1628197373553 0.9892525672912598 265
1628197380110 0.9923465251922607 266
1628197386685 0.9903924465179443 267
1628197393251 0.993323564529419 268
1628197399809 0.9916951656341553 269
1628197406375 0.9928350448608398 270
1628197412924 0.9897410869598389 271
1628197419507 0.9886012077331543 272
1628197426065 0.9915323257446289 273
1628197432640 0.9946262836456299 274
1628197439197 0.9929978847503662 275
1628197445754 0.9915323257446289 276
1628197452338 0.9877870082855225 277
1628197458920 0.988926887512207 278
1628197465495 0.9908809661865234 279
1628197472053 0.9943006038665771 280
1628197478619 0.9903924465179443 281
1628197485185 0.9944634437561035 282
1628197491743 0.9936492443084717 283
1628197498309 0.9887640476226807 284
1628197504884 0.9895782470703125 285
1628197511441 0.995114803314209 286
1628197517999 0.9926722049713135 287
1628197524549 0.9947891235351562 288
1628197531107 0.9910438060760498 289
1628197537689 0.9929978847503662 290
1628197544239 0.995114803314209 291
1628197550771 0.9939749240875244 292
1628197557362 0.990229606628418 293
1628197563903 0.990229606628418 294
1628197570436 0.9918580055236816 295
1628197576978 0.9890897274017334 296
1628197583510 0.9899039268493652 297
1628197590044 0.9921836853027344 298
1628197596626 0.9926722049713135 299
