1628193487658 5.830455780029297 0
1628193508138 4.839296340942383 1
1628193528561 4.523033142089844 2
1628193547601 4.378564357757568 3
1628193568050 4.224923133850098 4
1628193588239 4.091203212738037 5
1628193608813 3.978065013885498 6
1628193629403 3.862807273864746 7
1628193649994 3.74747371673584 8
1628193669400 3.6478471755981445 9
1628193688899 3.582057237625122 10
1628193707005 3.4880480766296387 11
1628193726112 3.3902862071990967 12
1628193743719 3.3041820526123047 13
1628193764217 3.1935157775878906 14
1628193784791 3.121166467666626 15
1628193805306 3.0185866355895996 16
1628193825687 2.944239616394043 17
1628193845269 2.78694486618042 18
1628193864493 2.6996541023254395 19
1628193885024 2.630535125732422 20
1628193905506 2.441779136657715 21
1628193926029 2.333052396774292 22
1628193946669 2.099954843521118 23
1628193967143 2.022097110748291 24
1628193987765 1.9157336950302124 25
1628194008222 1.7310818433761597 26
1628194028730 1.6019790172576904 27
1628194049286 1.4871978759765625 28
1628194069768 1.3496121168136597 29
1628194090357 1.2807241678237915 30
1628194110848 1.2065485715866089 31
1628194131379 1.109557032585144 32
1628194151961 0.9970553517341614 33
1628194171318 0.9640623331069946 34
1628194191800 0.8590781688690186 35
1628194212373 0.7621830701828003 36
1628194232938 0.7223910093307495 37
1628194253445 0.6982022523880005 38
1628194273977 0.6517224311828613 39
1628194293799 0.6195870637893677 40
1628194314264 0.5653096437454224 41
1628194334789 0.5306187272071838 42
1628194355328 0.48792460560798645 43
1628194375793 0.4716024100780487 44
1628194395742 0.43211305141448975 45
1628194414632 0.4120507836341858 46
1628194434772 0.4245223104953766 47
1628194454037 0.39611342549324036 48
1628194473910 0.3819602131843567 49
1628194492084 0.37331438064575195 50
1628194512448 0.3498139977455139 51
1628194532747 0.33881625533103943 52
1628194552988 0.3042648434638977 53
1628194573494 0.27690085768699646 54
1628194593976 0.28295356035232544 55
1628194614366 0.2619790732860565 56
1628194634648 0.2453361302614212 57
1628194655046 0.28829190135002136 58
1628194675244 0.24781733751296997 59
1628194695442 0.22462207078933716 60
1628194715682 0.2433268278837204 61
1628194735940 0.23189134895801544 62
1628194756221 0.207930788397789 63
1628194776469 0.24740973114967346 64
1628194796760 0.22699543833732605 65
1628194817116 0.20770029723644257 66
1628194837364 0.1856386959552765 67
1628194856729 0.18153534829616547 68
1628194876894 0.18904726207256317 69
1628194897202 0.18395955860614777 70
1628194917458 0.16110266745090485 71
1628194937673 0.18108145892620087 72
1628194957471 0.151792973279953 73
1628194975936 0.18806475400924683 74
1628194996260 0.16451379656791687 75
1628195016425 0.17779888212680817 76
1628195036765 0.1483844518661499 77
1628195057089 0.1489720195531845 78
1628195077403 0.1383955478668213 79
1628195096485 0.1447599232196808 80
1628195115284 0.1477557271718979 81
1628195135191 0.1354345828294754 82
1628195155005 0.1398550122976303 83
1628195175379 0.12880007922649384 84
1628195195543 0.1424105167388916 85
1628195215684 0.11286017298698425 86
1628195235916 0.11838318407535553 87
1628195256447 0.11789810657501221 88
1628195277054 0.09741444140672684 89
1628195297536 0.10442258417606354 90
1628195317950 0.12099268287420273 91
1628195338399 0.10751766711473465 92
1628195358756 0.10337822139263153 93
1628195379162 0.12060873955488205 94
1628195399636 0.10642840713262558 95
1628195419851 0.13670498132705688 96
1628195440149 0.13822351396083832 97
1628195458556 0.12192250043153763 98
1628195478696 0.09691040962934494 99
1628195497295 0.09942278265953064 100
1628195516701 0.09341084212064743 101
1628195537033 0.10094539076089859 102
1628195556815 0.09135251492261887 103
1628195572747 0.08520214259624481 104
1628195591178 0.0758044645190239 105
1628195611043 0.08628161996603012 106
1628195631401 0.08641176670789719 107
1628195651698 0.08008521795272827 108
1628195667864 0.0812801942229271 109
1628195685587 0.10539012402296066 110
1628195705936 0.09973424673080444 111
1628195726335 0.09246131777763367 112
1628195746616 0.0820733830332756 113
1628195766957 0.07462618499994278 114
1628195787154 0.07496798038482666 115
1628195807137 0.09298638999462128 116
1628195827593 0.07616357505321503 117
1628195847816 0.07929064333438873 118
1628195868240 0.06651155650615692 119
1628195888554 0.06216098368167877 120
1628195908836 0.07628769427537918 121
1628195930368 0.06592190265655518 122
1628195944650 0.06127406284213066 123
1628195957391 0.07317059487104416 124
1628195964473 0.0711570754647255 125
1628195975489 0.07714080810546875 126
1628196016878 0.07267827540636063 127
1628196080540 0.0793347880244255 128
1628196151801 0.07261723279953003 129
1628196234895 0.07160155475139618 130
1628196314353 0.06169916316866875 131
1628196374266 0.06733628362417221 132
1628196420562 0.06953707337379456 133
1628196479049 0.06284110993146896 134
1628196503656 0.05134991928935051 135
1628196510247 0.061138853430747986 136
1628196516821 0.06353223323822021 137
1628196523488 0.06215643510222435 138
1628196530095 0.05624125152826309 139
1628196536711 0.05493805184960365 140
1628196543344 0.06897921860218048 141
1628196550035 0.059482816606760025 142
1628196557076 0.05973846837878227 143
1628196565459 0.05330384150147438 144
1628196573857 0.06385273486375809 145
1628196582224 0.06339148432016373 146
1628196589806 0.0721307098865509 147
1628196596748 0.06221406161785126 148
1628196603597 0.05525624752044678 149
1628196610280 0.07287666946649551 150
1628196617405 0.07140003144741058 151
1628196624138 0.07424220442771912 152
1628196630921 0.04536973312497139 153
1628196637595 0.05680669844150543 154
1628196644269 0.05357750132679939 155
1628196650918 0.06465303152799606 156
1628196657548 0.05534686893224716 157
1628196664134 0.04478098452091217 158
1628196670667 0.04841108247637749 159
1628196677200 0.06306378543376923 160
1628196683741 0.05194881558418274 161
1628196690274 0.048025552183389664 162
1628196696807 0.05648040398955345 163
1628196703348 0.0684913769364357 164
1628196709889 0.06543482095003128 165
1628196716455 0.05770469829440117 166
1628196723030 0.05831168591976166 167
1628196729596 0.04658675566315651 168
1628196736162 0.06554839015007019 169
1628196742728 0.058473266661167145 170
1628196749303 0.03617357835173607 171
1628196755927 0.05089811235666275 172
1628196763118 0.04638798534870148 173
1628196769843 0.047638628631830215 174
1628196776434 0.05206301435828209 175
1628196783008 0.04126676917076111 176
1628196789633 0.05757978558540344 177
1628196796257 0.04178773984313011 178
1628196802890 0.05002608895301819 179
1628196809565 0.03186652436852455 180
1628196816214 0.045160867273807526 181
1628196822922 0.050028327852487564 182
1628196829738 0.047620780766010284 183
1628196836587 0.03686315566301346 184
1628196843345 0.04966166615486145 185
1628196850203 0.043166179209947586 186
1628196856952 0.05037230625748634 187
1628196863635 0.03790563717484474 188
1628196870467 0.03743509575724602 189
1628196877234 0.03728140518069267 190
1628196884025 0.049974434077739716 191
1628196890766 0.05424650013446808 192
1628196897507 0.05038433149456978 193
1628196904165 0.04670371115207672 194
1628196910898 0.049489837139844894 195
1628196917689 0.046171076595783234 196
1628196924505 0.05388583242893219 197
1628196931246 0.04139110445976257 198
1628196937971 0.03327386453747749 199
1628196944695 0.04558921605348587 200
1628196951595 0.0495753213763237 201
1628196958327 0.047939471900463104 202
1628196965144 0.05317636951804161 203
1628196971818 0.028186257928609848 204
1628196978601 0.021476799622178078 205
1628196985392 0.04093296080827713 206
1628196992050 0.036190006881952286 207
1628196998840 0.034160926938056946 208
1628197005607 0.036446236073970795 209
1628197012365 0.029101889580488205 210
1628197019023 0.04645010828971863 211
1628197025681 0.042315781116485596 212
1628197032330 0.03649311512708664 213
1628197038979 0.0362161323428154 214
1628197045587 0.044055644422769547 215
1628197052145 0.041359178721904755 216
1628197058778 0.046929795295000076 217
1628197065327 0.03154174983501434 218
1628197071894 0.03841767832636833 219
1628197078435 0.027239257469773293 220
1628197084975 0.03577428311109543 221
1628197091517 0.03097066842019558 222
1628197098058 0.045042235404253006 223
1628197104624 0.0439351387321949 224
1628197111182 0.048851773142814636 225
1628197117732 0.04273722693324089 226
1628197124289 0.06172934174537659 227
1628197130830 0.039864204823970795 228
1628197137371 0.02239503152668476 229
1628197143921 0.01504374761134386 230
1628197150495 0.04520874843001366 231
1628197157037 0.037108466029167175 232
1628197163569 0.036040857434272766 233
1628197170144 0.03952090069651604 234
1628197176701 0.03927518427371979 235
1628197183276 0.0450471006333828 236
1628197189834 0.05164084583520889 237
1628197196492 0.03403620421886444 238
1628197203065 0.039541732519865036 239
1628197209632 0.03505314886569977 240
1628197216198 0.0248984657227993 241
1628197222765 0.03363422304391861 242
1628197229322 0.03767653554677963 243
1628197235888 0.034698277711868286 244
1628197242455 0.029836000874638557 245
1628197249012 0.03944699466228485 246
1628197255595 0.02877647429704666 247
1628197262161 0.029232598841190338 248
1628197268727 0.05596239119768143 249
1628197275285 0.03057066537439823 250
1628197281843 0.0406816340982914 251
1628197288409 0.03912672400474548 252
1628197294967 0.03309014067053795 253
1628197301542 0.04311494156718254 254
1628197308091 0.04855015128850937 255
1628197314657 0.03624936565756798 256
1628197321214 0.025294145569205284 257
1628197327756 0.03576420992612839 258
1628197334297 0.03403373062610626 259
1628197340838 0.049016695469617844 260
1628197347388 0.028553960844874382 261
1628197353937 0.03444257378578186 262
1628197360470 0.032818447798490524 263
1628197367012 0.03149522840976715 264
1628197373553 0.04536174237728119 265
1628197380110 0.03647535294294357 266
1628197386685 0.04461485520005226 267
1628197393251 0.028840024024248123 268
1628197399809 0.0302481297403574 269
1628197406375 0.024774014949798584 270
1628197412924 0.0441407673060894 271
1628197419507 0.052122026681900024 272
1628197426065 0.03679986670613289 273
1628197432640 0.023581482470035553 274
1628197439197 0.026648705825209618 275
1628197445754 0.04156818985939026 276
1628197452338 0.05194444954395294 277
1628197458920 0.055352721363306046 278
1628197465495 0.03781638294458389 279
1628197472053 0.02088855393230915 280
1628197478619 0.0503864660859108 281
1628197485185 0.02624431625008583 282
1628197491743 0.022706758230924606 283
1628197498309 0.0520239919424057 284
1628197504884 0.0494578517973423 285
1628197511441 0.016576500609517097 286
1628197517999 0.02978936769068241 287
1628197524549 0.02917245402932167 288
1628197531107 0.038530975580215454 289
1628197537689 0.028554143384099007 290
1628197544239 0.015146374702453613 291
1628197550771 0.02099953219294548 292
1628197557362 0.042342595756053925 293
1628197563903 0.04970110207796097 294
1628197570436 0.03665676340460777 295
1628197576978 0.058415286242961884 296
1628197583510 0.04305025562644005 297
1628197590044 0.04058936983346939 298
1628197596626 0.028108445927500725 299
