1625434573443 0.0048851980827748775 0
1625434575576 0.0048851980827748775 1
1625434577715 0.0048851980827748775 2
1625434579842 0.0048851980827748775 3
1625434581976 0.0048851980827748775 4
1625434584097 0.0048851980827748775 5
1625434586245 0.0048851980827748775 6
1625434588387 0.0048851980827748775 7
1625434590512 0.0048851980827748775 8
1625434592641 0.0048851980827748775 9
1625434594778 0.0048851980827748775 10
1625434596907 0.0048851980827748775 11
1625434599039 0.0048851980827748775 12
1625434601172 0.0048851980827748775 13
1625434603314 0.0048851980827748775 14
1625434605455 0.0048851980827748775 15
1625434607607 0.0048851980827748775 16
1625434609750 0.0048851980827748775 17
1625434611898 0.0048851980827748775 18
1625434614033 0.0048851980827748775 19
1625434616173 0.0048851980827748775 20
1625434618336 0.0048851980827748775 21
1625434620472 0.0048851980827748775 22
1625434622613 0.0048851980827748775 23
1625434624759 0.0048851980827748775 24
1625434626889 0.0048851980827748775 25
1625434629034 0.0048851980827748775 26
1625434631182 0.0048851980827748775 27
1625434633319 0.0048851980827748775 28
1625434635462 0.0048851980827748775 29
