1625434573443 nan 0
1625434575576 nan 1
1625434577715 nan 2
1625434579842 nan 3
1625434581976 nan 4
1625434584097 nan 5
1625434586245 nan 6
1625434588387 nan 7
1625434590512 nan 8
1625434592641 nan 9
1625434594778 nan 10
1625434596907 nan 11
1625434599039 nan 12
1625434601172 nan 13
1625434603314 nan 14
1625434605455 nan 15
1625434607607 nan 16
1625434609750 nan 17
1625434611898 nan 18
1625434614033 nan 19
1625434616173 nan 20
1625434618336 nan 21
1625434620472 nan 22
1625434622613 nan 23
1625434624759 nan 24
1625434626889 nan 25
1625434629034 nan 26
1625434631182 nan 27
1625434633319 nan 28
1625434635462 nan 29
