1625682295490 0.060087934136390686 0
1625682345208 0.12245562672615051 1
1625682394706 0.19915322959423065 2
1625682444693 0.2717798352241516 3
1625682495468 0.3224230706691742 4
1625682547123 0.39407262206077576 5
1625682599092 0.45269501209259033 6
1625682651478 0.49617326259613037 7
1625682703773 0.5412799119949341 8
1625682756016 0.5785702466964722 9
1625682808327 0.63670414686203 10
1625682861264 0.6555935740470886 11
1625682912756 0.7101449370384216 12
1625682963861 0.7340824007987976 13
1625683014967 0.7591597437858582 14
1625683066823 0.7975899577140808 15
1625683118063 0.8150138258934021 16
1625683169420 0.8296694159507751 17
1625683220505 0.8444878458976746 18
1625683272388 0.8443250060081482 19
1625683323766 0.8552352786064148 20
1625683374911 0.886012077331543 21
1625683426053 0.8850350379943848 22
1625683477106 0.8967595100402832 23
1625683528517 0.8941540718078613 24
1625683579773 0.9097867012023926 25
1625683631145 0.905552864074707 26
1625683682376 0.9176030158996582 27
1625683733997 0.9174401760101318 28
1625683785270 0.9317700862884521 29
