1625682295490 5.770788669586182 0
1625682345208 4.393112659454346 1
1625682394706 3.8561935424804688 2
1625682444693 3.4074089527130127 3
1625682495468 3.382890462875366 4
1625682547123 3.0560362339019775 5
1625682599092 2.6799144744873047 6
1625682651478 2.6163506507873535 7
1625682703773 2.606004238128662 8
1625682756016 2.696956157684326 9
1625682808327 2.561589002609253 10
1625682861264 2.7363288402557373 11
1625682912756 2.564448833465576 12
1625682963861 2.6328985691070557 13
1625683014967 2.6727395057678223 14
1625683066823 2.2774341106414795 15
1625683118063 2.4377729892730713 16
1625683169420 2.595322847366333 17
1625683220505 2.523277759552002 18
1625683272388 2.8671233654022217 19
1625683323766 2.907585382461548 20
1625683374911 2.3444714546203613 21
1625683426053 2.6481401920318604 22
1625683477106 2.4707448482513428 23
1625683528517 2.767059087753296 24
1625683579773 2.4443442821502686 25
1625683631145 2.969238519668579 26
1625683682376 2.7202346324920654 27
1625683733997 2.885174036026001 28
1625683785270 2.4087154865264893 29
