1625435710787 0.0048851980827748775 0
1625435712927 0.0048851980827748775 1
1625435715080 0.0048851980827748775 2
1625435717241 0.0048851980827748775 3
1625435719390 0.0048851980827748775 4
1625435721552 0.0048851980827748775 5
1625435723710 0.0048851980827748775 6
1625435725864 0.0048851980827748775 7
1625435728031 0.0048851980827748775 8
1625435730192 0.0048851980827748775 9
1625435732343 0.0048851980827748775 10
1625435734501 0.0048851980827748775 11
1625435736656 0.0048851980827748775 12
1625435738809 0.0048851980827748775 13
1625435740962 0.0048851980827748775 14
1625435743127 0.0048851980827748775 15
1625435745299 0.0048851980827748775 16
1625435747471 0.0048851980827748775 17
1625435749639 0.0048851980827748775 18
1625435751798 0.0048851980827748775 19
1625435753965 0.0048851980827748775 20
1625435756141 0.0048851980827748775 21
1625435758310 0.0048851980827748775 22
1625435760476 0.0048851980827748775 23
1625435762635 0.0048851980827748775 24
1625435764801 0.0048851980827748775 25
1625435766975 0.0048851980827748775 26
1625435769154 0.0048851980827748775 27
1625435771320 0.0048851980827748775 28
1625435773498 0.0048851980827748775 29
