1625427135981 0.0048851980827748775 0
1625427162206 0.0048851980827748775 1
1625427187859 0.0048851980827748775 2
1625427212512 0.0048851980827748775 3
1625427237076 0.0048851980827748775 4
1625427261904 0.0048851980827748775 5
1625427287957 0.0048851980827748775 6
1625427316345 0.0048851980827748775 7
1625427342126 0.0048851980827748775 8
1625427368486 0.0048851980827748775 9
1625427383256 0.0048851980827748775 10
1625427392838 0.0048851980827748775 11
1625427419724 0.0048851980827748775 12
1625427445229 0.0048851980827748775 13
1625427461028 0.0048851980827748775 14
1625427463442 0.0048851980827748775 15
1625427465820 0.0048851980827748775 16
1625427480368 0.0048851980827748775 17
1625427514904 0.0048851980827748775 18
