1625679436983 0.03354502469301224 0
1625679493396 0.04901481792330742 1
1625679548737 0.04771209880709648 2
1625679604057 0.04608369991183281 3
1625679660337 0.04934049770236015 4
1625679716974 0.057319656014442444 5
1625679774531 0.06041361391544342 6
1625679832172 0.06774140894412994 7
1625679889630 0.07034684717655182 8
1625679947803 0.08207132667303085 9
1625680004657 0.08891060203313828 10
1625680061471 0.09737827628850937 11
1625680118428 0.09754111617803574 12
1625680176003 0.10405471175909042 13
1625680233694 0.11073115468025208 14
1625680291604 0.11333659291267395 15
1625680352121 0.12082722783088684 16
1625680412737 0.12913206219673157 17
1625680472260 0.13255169987678528 18
1625680531080 0.13580849766731262 19
1625680590902 0.14460185170173645 20
1625680650044 0.1527438461780548 21
1625680709343 0.14851000905036926 22
1625680768589 0.15534928441047668 23
1625680827991 0.17098192870616913 24
1625680887426 0.17879824340343475 25
1625680946743 0.17244748771190643 26
1625681006096 0.18873147666454315 27
1625681066768 0.19508223235607147 28
1625681126663 0.2038755863904953 29
