1625679436983 6.064669609069824 0
1625679493396 4.675415992736816 1
1625679548737 4.628431797027588 2
1625679604057 4.815321445465088 3
1625679660337 5.033785820007324 4
1625679716974 4.983996868133545 5
1625679774531 4.858442306518555 6
1625679832172 4.8412299156188965 7
1625679889630 4.826603889465332 8
1625679947803 5.06348991394043 9
1625680004657 4.993422031402588 10
1625680061471 4.878499984741211 11
1625680118428 4.780367851257324 12
1625680176003 4.613705635070801 13
1625680233694 4.846893787384033 14
1625680291604 4.985766410827637 15
1625680352121 5.239360809326172 16
1625680412737 5.44376277923584 17
1625680472260 5.735666275024414 18
1625680531080 5.882269859313965 19
1625680590902 6.33997106552124 20
1625680650044 6.730354309082031 21
1625680709343 7.09712553024292 22
1625680768589 7.499194622039795 23
1625680827991 7.3558783531188965 24
1625680887426 7.921616554260254 25
1625680946743 7.601634502410889 26
1625681006096 8.353070259094238 27
1625681066768 8.028204917907715 28
1625681126663 8.206356048583984 29
