1628277668839 0.029474027454853058 0
1628277676104 0.033707864582538605 1
1628277683320 0.05178309604525566 2
1628277690512 0.060739293694496155 3
1628277697962 0.07164956629276276 4
1628277705202 0.07914020866155624 5
1628277712593 0.09135320037603378 6
1628277719718 0.0986809954047203 7
1628277726901 0.105194590985775 8
1628277734008 0.1205015480518341 9
1628277741158 0.12978342175483704 10
1628277748515 0.1379254162311554 11
1628277755707 0.1493242084980011 12
1628277763089 0.16756229102611542 13
1628277770294 0.1791239231824875 14
1628277777613 0.19377951323986053 15
1628277785271 0.21152906119823456 16
1628277792861 0.22553330659866333 17
1628277800069 0.24572545289993286 18
1628277807218 0.2742224335670471 19
1628277814410 0.2942517399787903 20
1628277821659 0.3199804723262787 21
1628277828808 0.33903273940086365 22
1628277835983 0.35889920592308044 23
1628277843166 0.39456114172935486 24
1628277850357 0.4235466420650482 25
1628277857501 0.4518808126449585 26
1628277864673 0.4761439561843872 27
1628277871880 0.4904738664627075 28
1628277879096 0.5259729623794556 29
1628277886254 0.5650545358657837 30
1628277893412 0.5816642045974731 31
1628277900569 0.6196058988571167 32
1628277907743 0.6354014277458191 33
1628277914902 0.6454975008964539 34
1628277922134 0.6920697093009949 35
1628277929334 0.6889757513999939 36
1628277936567 0.7119361758232117 37
1628277944066 0.7318026423454285 38
1628277951332 0.7500407099723816 39
1628277958806 0.7659990191459656 40
1628277966965 0.7739781737327576 41
1628277974147 0.7928676009178162 42
1628277981296 0.8091515898704529 43
1628277988446 0.8112685084342957 44
1628277995595 0.8277153372764587 45
1628278002753 0.8394398093223572 46
1628278009911 0.8549095988273621 47
1628278017035 0.8550724387168884 48
1628278024176 0.8552352786064148 49
1628278031292 0.8633772730827332 50
1628278038417 0.87673020362854 51
1628278045550 0.8840579986572266 52
1628278052682 0.8944797515869141 53
1628278059824 0.889106035232544 54
1628278066965 0.898876428604126 55
1628278074097 0.9073441028594971 56
1628278081230 0.906855583190918 57
1628278088371 0.9102752208709717 58
1628278095512 0.9109265804290771 59
1628278102645 0.9136948585510254 60
1628278109811 0.9200456142425537 61
1628278116969 0.9208598136901855 62
1628278124109 0.9229767322540283 63
1628278131284 0.9219996929168701 64
1628278138442 0.9296531677246094 65
1628278145625 0.9355154037475586 66
1628278152774 0.9387722015380859 67
1628278159931 0.9311187267303467 68
1628278167081 0.9452857971191406 69
1628278174230 0.9449601173400879 70
1628278181364 0.9464256763458252 71
1628278188513 0.9511480331420898 72
1628278195670 0.9475655555725098 73
1628278202845 0.9501709938049316 74
1628278210028 0.9517993927001953 75
1628278217169 0.9487054347991943 76
1628278224310 0.951636552810669 77
1628278231527 0.9544048309326172 78
1628278238667 0.9557075500488281 79
1628278245816 0.95831298828125 80
1628278252974 0.9557075500488281 81
1628278260107 0.9574987888336182 82
1628278267248 0.9602670669555664 83
1628278274372 0.9602670669555664 84
1628278281497 0.9610812664031982 85
1628278288621 0.9602670669555664 86
1628278295754 0.9669435024261475 87
1628278302895 0.9664549827575684 88
1628278310011 0.9656407833099365 89
1628278317119 0.9656407833099365 90
1628278324252 0.9638495445251465 91
1628278331450 0.9651522636413574 92
1628278338601 0.9620583057403564 93
1628278345758 0.9687347412109375 94
1628278352908 0.9726428985595703 95
1628278360074 0.9666178226470947 96
1628278367223 0.9716658592224121 97
1628278374381 0.972480058670044 98
1628278381539 0.9745969772338867 99
1628278388705 0.9702003002166748 100
1628278395862 0.9718286991119385 101
1628278403011 0.9723172187805176 102
1628278410161 0.9700374603271484 103
1628278417327 0.9752483367919922 104
1628278424468 0.9767138957977295 105
1628278431626 0.9754111766815186 106
1628278438767 0.9713401794433594 107
1628278445917 0.9716658592224121 108
1628278453099 0.9780166149139404 109
1628278460282 0.9776909351348877 110
1628278467432 0.9741084575653076 111
1628278474581 0.9775280952453613 112
1628278481722 0.9788308143615723 113
1628278488871 0.9749226570129395 114
1628278496054 0.9785051345825195 115
1628278503211 0.9775280952453613 116
1628278510370 0.9747598171234131 117
1628278517528 0.9783422946929932 118
1628278524660 0.9798078536987305 119
1628278531826 0.9786679744720459 120
1628278538967 0.9763882160186768 121
1628278546091 0.9762253761291504 122
1628278553225 0.9788308143615723 123
1628278560349 0.9825761318206787 124
1628278567474 0.9827389717102051 125
1628278574598 0.9829018115997314 126
1628278581747 0.985344409942627 127
1628278588888 0.979156494140625 128
1628278596021 0.9814362525939941 129
1628278603162 0.9819247722625732 130
1628278610302 0.9815990924835205 131
1628278617461 0.984041690826416 132
1628278624594 0.985344409942627 133
1628278631735 0.9824132919311523 134
1628278638943 0.9783422946929932 135
1628278646084 0.9811105728149414 136
1628278653208 0.9798078536987305 137
1628278660341 0.9801335334777832 138
1628278667490 0.9825761318206787 139
1628278674631 0.9842045307159424 140
1628278681764 0.984041690826416 141
1628278688905 0.9842045307159424 142
1628278696038 0.9829018115997314 143
1628278703170 0.9811105728149414 144
1628278710287 0.9815990924835205 145
1628278717428 0.9817619323730469 146
1628278724577 0.9843673706054688 147
1628278731735 0.9851815700531006 148
1628278738851 0.9856700897216797 149
1628278745950 0.9846930503845215 150
1628278753075 0.9824132919311523 151
1628278760191 0.9842045307159424 152
1628278767332 0.985832929611206 153
1628278774473 0.9861586093902588 154
1628278781598 0.9859957695007324 155
1628278788738 0.9861586093902588 156
1628278795880 0.9842045307159424 157
1628278803038 0.9876241683959961 158
1628278810179 0.985344409942627 159
1628278817311 0.9905552864074707 160
1628278824436 0.9855072498321533 161
1628278831577 0.9846930503845215 162
1628278838692 0.9879498481750488 163
1628278845817 0.9861586093902588 164
1628278853000 0.9864842891693115 165
1628278860116 0.9864842891693115 166
1628278867241 0.9845302104949951 167
1628278874357 0.9877870082855225 168
1628278881473 0.9861586093902588 169
1628278888589 0.9897410869598389 170
1628278895705 0.9866471290588379 171
1628278902826 0.9895782470703125 172
1628278909945 0.9900667667388916 173
1628278917045 0.9866471290588379 174
1628278924161 0.9863214492797852 175
1628278931277 0.9830646514892578 176
1628278938410 0.9879498481750488 177
1628278945543 0.9899039268493652 178
1628278952642 0.9915323257446289 179
1628278959758 0.9864842891693115 180
1628278966874 0.9887640476226807 181
1628278973982 0.9882755279541016 182
1628278981140 0.9881126880645752 183
1628278988289 0.990229606628418 184
1628278995429 0.9907181262969971 185
1628279002571 0.985344409942627 186
1628279009712 0.9876241683959961 187
1628279016853 0.9868099689483643 188
1628279023994 0.9894154071807861 189
1628279031127 0.9910438060760498 190
1628279038268 0.9905552864074707 191
1628279045401 0.9895782470703125 192
1628279052534 0.9905552864074707 193
1628279059650 0.9895782470703125 194
1628279066791 0.9861586093902588 195
1628279073915 0.9900667667388916 196
1628279081040 0.9890897274017334 197
1628279088156 0.9905552864074707 198
1628279095272 0.9872984886169434 199
1628279102396 0.9864842891693115 200
1628279109512 0.9855072498321533 201
1628279116645 0.9868099689483643 202
1628279123753 0.9856700897216797 203
1628279130878 0.9894154071807861 204
1628279137993 0.9863214492797852 205
1628279145101 0.990229606628418 206
1628279152209 0.9881126880645752 207
1628279159325 0.9947891235351562 208
1628279166441 0.9929978847503662 209
1628279173549 0.9915323257446289 210
1628279180665 0.9890897274017334 211
1628279187815 0.9864842891693115 212
1628279194954 0.988926887512207 213
1628279202071 0.988926887512207 214
1628279209195 0.9884383678436279 215
1628279216321 0.9869728088378906 216
1628279223445 0.9874613285064697 217
1628279230544 0.9887640476226807 218
1628279237660 0.9912066459655762 219
1628279244793 0.9900667667388916 220
1628279251951 0.9923465251922607 221
1628279259209 0.9908809661865234 222
1628279266366 0.9900667667388916 223
1628279273507 0.9876241683959961 224
1628279280648 0.9915323257446289 225
1628279287789 0.9934864044189453 226
1628279294922 0.9905552864074707 227
1628279302030 0.9903924465179443 228
1628279309154 0.9887640476226807 229
1628279316279 0.9900667667388916 230
1628279323395 0.987135648727417 231
1628279330528 0.9916951656341553 232
1628279337652 0.9877870082855225 233
1628279344777 0.992020845413208 234
1628279351893 0.9915323257446289 235
1628279359000 0.9916951656341553 236
1628279366117 0.9925093650817871 237
1628279373240 0.9926722049713135 238
1628279380349 0.9929978847503662 239
1628279387473 0.9907181262969971 240
1628279394581 0.988926887512207 241
1628279401696 0.9907181262969971 242
1628279408829 0.9912066459655762 243
1628279415962 0.9899039268493652 244
1628279423103 0.988926887512207 245
1628279430219 0.9877870082855225 246
1628279437344 0.9907181262969971 247
1628279444451 0.992020845413208 248
1628279451576 0.9882755279541016 249
1628279458751 0.9890897274017334 250
1628279465867 0.9916951656341553 251
1628279472983 0.9918580055236816 252
1628279480099 0.9923465251922607 253
1628279487214 0.9899039268493652 254
1628279494348 0.9895782470703125 255
1628279501489 0.9912066459655762 256
1628279508638 0.9903924465179443 257
1628279515796 0.9934864044189453 258
1628279522962 0.9928350448608398 259
1628279530103 0.9929978847503662 260
1628279537244 0.993812084197998 261
1628279544369 0.9926722049713135 262
1628279551485 0.9886012077331543 263
1628279558617 0.9899039268493652 264
1628279565734 0.9936492443084717 265
1628279572865 0.9943006038665771 266
1628279579982 0.9931607246398926 267
1628279587106 0.9926722049713135 268
1628279594223 0.9921836853027344 269
1628279601347 0.9929978847503662 270
1628279608455 0.988926887512207 271
1628279615571 0.9912066459655762 272
1628279622678 0.9943006038665771 273
1628279629795 0.9943006038665771 274
1628279636911 0.9941377639770508 275
1628279644035 0.993812084197998 276
1628279651143 0.9936492443084717 277
1628279658276 0.9918580055236816 278
1628279665424 0.9910438060760498 279
1628279672575 0.9928350448608398 280
1628279679708 0.9941377639770508 281
1628279686840 0.990229606628418 282
1628279693940 0.9894154071807861 283
1628279701047 0.9918580055236816 284
1628279708164 0.9925093650817871 285
1628279715280 0.9923465251922607 286
1628279722395 0.9892525672912598 287
1628279729528 0.993812084197998 288
1628279736669 0.9905552864074707 289
1628279743811 0.9863214492797852 290
1628279750985 0.9912066459655762 291
1628279758117 0.990229606628418 292
1628279765242 0.9918580055236816 293
1628279772358 0.9943006038665771 294
1628279779466 0.9928350448608398 295
1628279786565 0.9921836853027344 296
1628279793665 0.9929978847503662 297
1628279800773 0.9949519634246826 298
1628279807864 0.9931607246398926 299
