1628277668839 5.747011661529541 0
1628277676104 4.853930950164795 1
1628277683320 4.558099269866943 2
1628277690512 4.473696708679199 3
1628277697962 4.37518310546875 4
1628277705202 4.357082843780518 5
1628277712593 4.262868404388428 6
1628277719718 4.175201892852783 7
1628277726901 4.112358570098877 8
1628277734008 4.003014087677002 9
1628277741158 3.926488161087036 10
1628277748515 3.8614730834960938 11
1628277755707 3.763737916946411 12
1628277763089 3.6876063346862793 13
1628277770294 3.603114604949951 14
1628277777613 3.468865156173706 15
1628277785271 3.32509708404541 16
1628277792861 3.2121472358703613 17
1628277800069 3.0632190704345703 18
1628277807218 2.891605854034424 19
1628277814410 2.771613836288452 20
1628277821659 2.613990068435669 21
1628277828808 2.4946532249450684 22
1628277835983 2.3287670612335205 23
1628277843166 2.223217487335205 24
1628277850357 2.095892906188965 25
1628277857501 1.9867541790008545 26
1628277864673 1.8626571893692017 27
1628277871880 1.7992403507232666 28
1628277879096 1.6176897287368774 29
1628277886254 1.4999446868896484 30
1628277893412 1.4290204048156738 31
1628277900569 1.307444453239441 32
1628277907743 1.254365086555481 33
1628277914902 1.2081280946731567 34
1628277922134 1.037818193435669 35
1628277929334 1.0412013530731201 36
1628277936567 0.958069920539856 37
1628277944066 0.9049755334854126 38
1628277951332 0.8146287798881531 39
1628277958806 0.7682508230209351 40
1628277966965 0.7677189111709595 41
1628277974147 0.684121310710907 42
1628277981296 0.6341795325279236 43
1628277988446 0.616884708404541 44
1628277995595 0.570279061794281 45
1628278002753 0.5146112442016602 46
1628278009911 0.47647443413734436 47
1628278017035 0.46274590492248535 48
1628278024176 0.4609692692756653 49
1628278031292 0.42329853773117065 50
1628278038417 0.402201771736145 51
1628278045550 0.38195177912712097 52
1628278052682 0.35811111330986023 53
1628278059824 0.3646833300590515 54
1628278066965 0.33412063121795654 55
1628278074097 0.3010289967060089 56
1628278081230 0.3094731569290161 57
1628278088371 0.28797152638435364 58
1628278095512 0.28642162680625916 59
1628278102645 0.27276790142059326 60
1628278109811 0.26527243852615356 61
1628278116969 0.25592583417892456 62
1628278124109 0.258486270904541 63
1628278131284 0.2519569396972656 64
1628278138442 0.2221318930387497 65
1628278145625 0.2132856249809265 66
1628278152774 0.20252715051174164 67
1628278159931 0.2266090363264084 68
1628278167081 0.18240442872047424 69
1628278174230 0.18635228276252747 70
1628278181364 0.1787867695093155 71
1628278188513 0.17055203020572662 72
1628278195670 0.17417530715465546 73
1628278202845 0.15978625416755676 74
1628278210028 0.15228986740112305 75
1628278217169 0.16134139895439148 76
1628278224310 0.15039382874965668 77
1628278231527 0.1426093876361847 78
1628278238667 0.14002946019172668 79
1628278245816 0.1395784467458725 80
1628278252974 0.13635027408599854 81
1628278260107 0.13638685643672943 82
1628278267248 0.13252484798431396 83
1628278274372 0.12502571940422058 84
1628278281497 0.12666867673397064 85
1628278288621 0.12316254526376724 86
1628278295754 0.10886000096797943 87
1628278302895 0.11029626429080963 88
1628278310011 0.11032218486070633 89
1628278317119 0.12043465673923492 90
1628278324252 0.13057981431484222 91
1628278331450 0.1168949156999588 92
1628278338601 0.12735898792743683 93
1628278345758 0.09907554090023041 94
1628278352908 0.09462140500545502 95
1628278360074 0.11190911382436752 96
1628278367223 0.09048546105623245 97
1628278374381 0.08529602736234665 98
1628278381539 0.07476426661014557 99
1628278388705 0.10509269684553146 100
1628278395862 0.09491134434938431 101
1628278403011 0.08743201196193695 102
1628278410161 0.09901877492666245 103
1628278417327 0.08625571429729462 104
1628278424468 0.08087944239377975 105
1628278431626 0.07848884910345078 106
1628278438767 0.09099377691745758 107
1628278445917 0.09655006229877472 108
1628278453099 0.07208073884248734 109
1628278460282 0.07615196704864502 110
1628278467432 0.08234754204750061 111
1628278474581 0.07688620686531067 112
1628278481722 0.07553821802139282 113
1628278488871 0.08924022316932678 114
1628278496054 0.07349538803100586 115
1628278503211 0.0802156999707222 116
1628278510370 0.08317801356315613 117
1628278517528 0.07192672789096832 118
1628278524660 0.067179374396801 119
1628278531826 0.07826906442642212 120
1628278538967 0.08312415331602097 121
1628278546091 0.08908160775899887 122
1628278553225 0.07775699347257614 123
1628278560349 0.05452414229512215 124
1628278567474 0.05596427246928215 125
1628278574598 0.05694053694605827 126
1628278581747 0.05231505632400513 127
1628278588888 0.07326723635196686 128
1628278596021 0.06256058812141418 129
1628278603162 0.06391891837120056 130
1628278610302 0.06992527097463608 131
1628278617461 0.06082230806350708 132
1628278624594 0.04640144482254982 133
1628278631735 0.06372065097093582 134
1628278638943 0.07065857946872711 135
1628278646084 0.07231862097978592 136
1628278653208 0.07311807572841644 137
1628278660341 0.06908874213695526 138
1628278667490 0.05694160982966423 139
1628278674631 0.05188251659274101 140
1628278681764 0.05440494418144226 141
1628278688905 0.057325270026922226 142
1628278696038 0.05473273620009422 143
1628278703170 0.0778941884636879 144
1628278710287 0.06297370791435242 145
1628278717428 0.0676346868276596 146
1628278724577 0.060968708246946335 147
1628278731735 0.0551595576107502 148
1628278738851 0.04674210026860237 149
1628278745950 0.05246035382151604 150
1628278753075 0.05810103565454483 151
1628278760191 0.053284525871276855 152
1628278767332 0.047657743096351624 153
1628278774473 0.052973125129938126 154
1628278781598 0.04615357890725136 155
1628278788738 0.04768572747707367 156
1628278795880 0.05772799253463745 157
1628278803038 0.03872689977288246 158
1628278810179 0.05042237415909767 159
1628278817311 0.03347769007086754 160
1628278824436 0.055506449192762375 161
1628278831577 0.04953296482563019 162
1628278838692 0.04518291726708412 163
1628278845817 0.05487335845828056 164
1628278853000 0.048479605466127396 165
1628278860116 0.038979288190603256 166
1628278867241 0.051680270582437515 167
1628278874357 0.040424033999443054 168
1628278881473 0.043665263801813126 169
1628278888589 0.03496754541993141 170
1628278895705 0.042595796287059784 171
1628278902826 0.033390142023563385 172
1628278909945 0.031003447249531746 173
1628278917045 0.04576403275132179 174
1628278924161 0.049971360713243484 175
1628278931277 0.0686749815940857 176
1628278938410 0.047524068504571915 177
1628278945543 0.03461258485913277 178
1628278952642 0.030986391007900238 179
1628278959758 0.05292575806379318 180
1628278966874 0.041981905698776245 181
1628278973982 0.0464123860001564 182
1628278981140 0.04358871281147003 183
1628278988289 0.035756561905145645 184
1628278995429 0.03566562011837959 185
1628279002571 0.05584787204861641 186
1628279009712 0.046155259013175964 187
1628279016853 0.048037320375442505 188
1628279023994 0.03296445682644844 189
1628279031127 0.037066489458084106 190
1628279038268 0.036910027265548706 191
1628279045401 0.0367821529507637 192
1628279052534 0.033501993864774704 193
1628279059650 0.04031667858362198 194
1628279066791 0.054212477058172226 195
1628279073915 0.03802201896905899 196
1628279081040 0.04280272498726845 197
1628279088156 0.032517459243535995 198
1628279095272 0.051499444991350174 199
1628279102396 0.05541437119245529 200
1628279109512 0.06309308111667633 201
1628279116645 0.04710066318511963 202
1628279123753 0.04673774167895317 203
1628279130878 0.03577662259340286 204
1628279137993 0.056060124188661575 205
1628279145101 0.03476802632212639 206
1628279152209 0.04706040769815445 207
1628279159325 0.022603703662753105 208
1628279166441 0.030560461804270744 209
1628279173549 0.03193394094705582 210
1628279180665 0.04443040490150452 211
1628279187815 0.04656364768743515 212
1628279194954 0.03991292417049408 213
1628279202071 0.03096897527575493 214
1628279209195 0.03694286569952965 215
1628279216321 0.05119679123163223 216
1628279223445 0.05650945007801056 217
1628279230544 0.04317023232579231 218
1628279237660 0.03280134126543999 219
1628279244793 0.03755273297429085 220
1628279251951 0.03185008093714714 221
1628279259209 0.035007935017347336 222
1628279266366 0.045532483607530594 223
1628279273507 0.050810810178518295 224
1628279280648 0.03156008943915367 225
1628279287789 0.022770309820771217 226
1628279294922 0.03810896724462509 227
1628279302030 0.03848249465227127 228
1628279309154 0.03747545927762985 229
1628279316279 0.042809560894966125 230
1628279323395 0.054476480931043625 231
1628279330528 0.03514266014099121 232
1628279337652 0.04706127569079399 233
1628279344777 0.027246521785855293 234
1628279351893 0.02776195853948593 235
1628279359000 0.03716043755412102 236
1628279366117 0.03021768294274807 237
1628279373240 0.03443180024623871 238
1628279380349 0.024348992854356766 239
1628279387473 0.03506670519709587 240
1628279394581 0.04562005773186684 241
1628279401696 0.04055149108171463 242
1628279408829 0.03609615936875343 243
1628279415962 0.03609461337327957 244
1628279423103 0.04371432587504387 245
1628279430219 0.03722706064581871 246
1628279437344 0.04257641360163689 247
1628279444451 0.03277590870857239 248
1628279451576 0.03885219618678093 249
1628279458751 0.04276508092880249 250
1628279465867 0.032198987901210785 251
1628279472983 0.03381344676017761 252
1628279480099 0.034926723688840866 253
1628279487214 0.047603875398635864 254
1628279494348 0.04549471661448479 255
1628279501489 0.03446264564990997 256
1628279508638 0.0361194834113121 257
1628279515796 0.028802931308746338 258
1628279522962 0.025201506912708282 259
1628279530103 0.02887611649930477 260
1628279537244 0.03200408071279526 261
1628279544369 0.03510849550366402 262
1628279551485 0.045931316912174225 263
1628279558617 0.042802318930625916 264
1628279565734 0.026817215606570244 265
1628279572865 0.02101726084947586 266
1628279579982 0.03216532990336418 267
1628279587106 0.03132602199912071 268
1628279594223 0.030838118866086006 269
1628279601347 0.024175411090254784 270
1628279608455 0.04787760227918625 271
1628279615571 0.039357393980026245 272
1628279622678 0.021086394786834717 273
1628279629795 0.02527928538620472 274
1628279636911 0.02087133750319481 275
1628279644035 0.03519720956683159 276
1628279651143 0.027055487036705017 277
1628279658276 0.032220859080553055 278
1628279665424 0.03986475616693497 279
1628279672575 0.02883034572005272 280
1628279679708 0.023101916536688805 281
1628279686840 0.03696456179022789 282
1628279693940 0.050571952015161514 283
1628279701047 0.028855495154857635 284
1628279708164 0.038184575736522675 285
1628279715280 0.03227423503994942 286
1628279722395 0.045403555035591125 287
1628279729528 0.02484619803726673 288
1628279736669 0.0497736930847168 289
1628279743811 0.0591844767332077 290
1628279750985 0.035375602543354034 291
1628279758117 0.041607365012168884 292
1628279765242 0.04037376865744591 293
1628279772358 0.02167893946170807 294
1628279779466 0.027539165690541267 295
1628279786565 0.03942111134529114 296
1628279793665 0.03133941441774368 297
1628279800773 0.027054524049162865 298
1628279807864 0.026678871363401413 299
